0 0.316005 0.960317 0.198148 0.079365
0 0.619715 0.862434 0.156867 0.137566
0 0.897476 0.833333 0.087280 0.097002
0 0.881553 0.713404 0.154508 0.097002
0 0.613817 0.679012 0.196969 0.116402
0 0.795453 0.622575 0.123843 0.095238
0 0.926962 0.531746 0.101433 0.075838
0 0.115498 0.788360 0.063690 0.119929
0 0.388542 0.708995 0.135637 0.098765
0 0.182137 0.643739 0.093177 0.077601
0 0.317774 0.603175 0.135637 0.084656
0 0.213983 0.500000 0.083741 0.061728
0 0.349030 0.501764 0.125022 0.068783
0 0.650380 0.544092 0.130919 0.079365
0 0.881553 0.458554 0.154508 0.077601
0 0.411541 0.330688 0.087280 0.051146
0 0.403875 0.428571 0.079023 0.056437
0 0.679277 0.442681 0.113228 0.056437
0 0.807837 0.313051 0.372707 0.135802
0 0.259392 0.263668 0.080203 0.044092
0 0.285340 0.344797 0.089638 0.037037
0 0.543050 0.324515 0.121484 0.063492
0 0.574895 0.451499 0.196969 0.105820