0 0.352667 0.870370 0.138667 0.153439
0 0.740810 0.956790 0.142381 0.086420
0 0.503714 0.705467 0.200571 0.148148
0 0.243714 0.618166 0.230286 0.139330
0 0.134762 0.492945 0.185714 0.107584
0 0.318619 0.444444 0.216667 0.134039
0 0.742048 0.518519 0.147333 0.084656
0 0.963667 0.533510 0.070571 0.082892
0 0.685095 0.408289 0.102762 0.086420
0 0.800857 0.455908 0.061905 0.044092
0 0.770524 0.366843 0.092857 0.049383
0 0.384857 0.267196 0.064381 0.040564
0 0.526619 0.306878 0.065619 0.091711
0 0.637429 0.275132 0.096571 0.077601